%YAML:1.0
---
PoseState: !!opencv-matrix
   rows: 4
   cols: 4
   dt: d
   data: [ -9.6714981185518756e-01, 1.8952103892730374e-02,
       -2.5349962364176071e-01, -5.1712443150785418e+02,
       1.0505078286515397e-01, 9.3788106306423547e-01,
       -3.3067120310803877e-01, 4.7189000851472275e+02,
       2.3148558151188042e-01, -3.4643892579145708e-01,
       -9.0906242703599172e-01, 7.3946396422897931e+02, 0., 0., 0., 1. ]
